    0 13264	  568  9189	 1191 31208	 1785 13287	 2394 12538	 2973  9074	 3588 25556	 4183 23785	
 4802 23419	 5383 23935	 6005 19180	 6570   712	 7198 31848	 7790 13531	 8386 22780	 8976 30315	
 9558 17099	10136 14601	10764 30494	11370 17381	11964  5718	12579  6044	13169  4677	13765  6004	
14333  6709	14946 19529	15549 26012	16133  8486	16711 28938	17306 26355	17904 24085	18511   258	
19089 21764	19746 11311	20356 23723	20936 22334	21517 14052	22104 26860	22713 22635	23333  6002	
23954  7268	24536 12118	25152  5364	25759 17510	26344 30718	26987 23438	27608 10048	28180   179	
28774 15677	29397  1104	

// one position backward, on spot, one position forward. 
           0     0	    0 13264	    0 25888	  567 10101	  568  9189	  568 15499	 1190 11166	 1191 31208	 1191 16924	 1784  4909	 1785 13287	 1785 22658	 2393 32534	 2394 12538	 2394 29862	 2973 15293	 2973  2674	 2974 27382	 3588 14607	 3588 25556	 3590  2770	 4182 13888	 4183 23785	 4184 22368	
 4801 32738	 4802 23419	 4802  3929	 5382 17789	 5383 23935	 5383 30882	 6004 17194	 6005 19180	 6005  1277	 6569 32366	 6570   712	 6570 27904	 7197 28572	 7198 31848	 7198  7522	 7790 30339	 7790 13531	 7792 14650	 8386 28944	 8386 22780	 8386 29995	 8976 15579	 8976 30315	 8977 10924	
 9556  1696	 9558 17099	 9559  1907	10135 11361	10136 14601	10136 27774	10763  3119	10764 30494	10764 28524	11369  1612	11370 17381	11370 12922	11964 27535	11964  5718	11968  9573	12578 21157	12579  6044	12579 22807	13169  5524	13169  4677	13170 26583	13764 18137	13765  6004	13765 26920	
14333 22993	14333  6709	14334  7932	14946 26109	14946 19529	14946 17586	15548  6217	15549 26012	15549 15376	16132  9159	16133  8486	16134 18599	16711  8421	16711 28938	16712  3162	17306 29845	17306 26355	17309 30669	17904 20752	17904 24085	17904 19866	18510 26702	18511   258	18511  3085	
19089  4983	19089 21764	19089   836	19746  1020	19746 11311	19747  4569	20354 11633	20356 23723	20356 29157	20935  6387	20936 22334	20936 22694	21516 16452	21517 14052	21517 32059	22104  2700	22104 26860	22104 11000	22712 21567	22713 22635	22714  9107	23330 11286	23333  6002	23333 22410	
23954  8596	23954  7268	23954   851	24536  2898	24536 12118	24536 20290	25152  6553	25152  5364	25153  4860	25759  9295	25759 17510	25760  9617	26344 29246	26344 30718	26345 13207	26985    40	26987 23438	26987 26925	27608 22803	27608 10048	27609 29448	28180 30024	28180   179	28181 14169	
28774  6278	28774 15677	28775 11661	29397 11300	29397  1104	29397 12728	

//                                       *                                                                                              *                                                                                               *                                                                                               *
           0     0	    0 13264	    0 25888	  567 10101	  568 13206	  568 15499	 1190 11166	 1191 16924	 1191 31208	 1784 26185	 1785 13287	 1785 22658	 2393 32534	 2394 12538	 2394 29862	 2973 15293	 2973  2674	 2974 27382	 3588 25556	 3588 14607	 3590  2770	 4182 24857	 4183 23785	 4184 22368	
 4801 32738	 4802  3929	 4802 23419	 5382 27133	 5383 30882	 5383 23935	 6004 22262	 6005 12806	 6005  1277	 6569 32366	 6570 27904	 6570   712	 7197 28572	 7198 31848	 7198  7522	 7790 26492	 7790  9280	 7792 14650	 8386 28944	 8386 24415	 8386 17089	 8976 30315	 8976 15579	 8977 10924	
 9556  1696	 9558 17099	 9559 10962	10135 11361	10136 27774	10136 14601	10763  9838	10764 28524	10764 30494	11369 26298	11370 30380	11370  2774	11964   927	11964  9504	11968  3681	12578  9050	12579 22807	12579  6044	13169 18284	13169 22042	13170 31797	13764 26191	13765 29036	13765 16771	
14333  6709	14333 22993	14334  7932	14946 19529	14946 26109	14946 13119	15548 22314	15549 22916	15549 15376	16132  9159	16133  8486	16134  2067	16711 28938	16711  8421	16712 13401	17306 26355	17306 29845	17309  6941	17904 19866	17904 24085	17904 20752	18510 11089	18511  4107	18511  3085	
19089   836	19089 21764	19089  4983	19746 11311	19746  1020	19747 23849	20354 31879	20356 16572	20356 29157	20935 27933	20936 22694	20936 22334	21516 16452	21517 32059	21517 14052	22104 11000	22104 26860	22104  2700	22712 13568	22713 22635	22714  9107	23330  6843	23333 28688	23333 22410	
23954  4815	23954   851	23954  7268	24536 20290	24536 12118	24536  2898	25152  5364	25152  6553	25153  8557	25759 17510	25759  9295	25760 23126	26344 30718	26344 29246	26345 13207	26985    40	26987 26925	26987 23438	27608 12895	27608  2460	27609 29085	28180 27947	28180 31338	28181 15649	
28774 15677	28774  6278	28775 11661	29397  7373	29397 12728	29397  1104	